3.9582877667
1.1155038181
1.5396895429
1.0781774854
1.9540501642
0.5208146357
0.1487601477
1.3848649524
0.6254825025
1.3432268124
0.9579908216
1.4897314867
0.0840475876
0.514740518
1.0238995078
0.2543607181
0.2141198598
0.1693433042
5.4479124861
2.0177715726
1.0094163665
0.1803143141
0.1272457499
0.2376864645
0.7173512233
2.3978752064
0.4105328647
0.3514896932
0.3831180551
1.1691035065
0.7820488995
1.7842517738
0.005051943
2.5234053835
0.2403559489
0.2514169636
0.4226168708
2.6385732398
0.6949086166
0.4072044855
3.6180197126
0.5000081817
1.2802325111
0.4723743496
1.8034871289
1.0898435505
0.1269270972
0.5364683606
0.8903574402
1.5004121735
0.9187363443
0.4603908509
0.349572372
1.424646894
1.0247832632
0.5269533184
3.3059748478
0.7274329156
0.916733597
1.836900178
0.155329777
0.4259925494
3.374947915
0.152931899
0.3038682557
1.4028180067
0.0048659263
0.4672173981
1.3168261281
0.5834431249
0.1633257171
0.3226700865
2.2593084629
2.7886777708
1.9799706484
1.1410427937
2.2331055942
0.9604027407
0.7652270269
0.158766402
1.778580511
0.1479113069
2.7247851764
0.2697221712
0.4414847962
0.0079385926
0.164601052
5.3216973093
0.3739448093
1.8275602702
0.6618270009
0.6438078671
0.0026245164
2.221071742
0.9414271539
0.2960647734
0.5201062449
0.1094937891
0.1084006248
0.8085223114
1.056503438
0.1676489172
1.1258525748
0.4833685531
0.1551949763
0.7399588421
3.0890336745
0.0280737242
1.5376162225
0.2653749229
2.6332223719
0.44880107
0.1865125193
0.6675764417
0.0332972255
1.3634117827
0.3080040389
0.307145442
1.0202860892
0.1311258657
0.8273440778
1.2585491176
0.1648515466
2.3349055197
0.7144193281
0.192534433
0.0447155056
0.0819740372
0.0241120076
2.6059557849
0.0761050847
0.3294019945
0.6533987322
0.2834743156
0.0794382988
0.9158238388
0.0186573599
0.8728028771
1.8259814301
0.1784351197
0.2984448753
1.2911469489
0.3249224228
0.1095307152
3.7755514331
0.7191624448
0.481361713
0.2716988253
0.2516958399
0.3797266009
0.6911727358
0.3064696527
0.1670600683
3.1622783541
0.8631480813
0.144800906
0.2943387927
1.4706329372
0.5083497142
0.2850982682
0.4482788527
1.2810628815
0.5897868134
0.5339983224
0.0883858559
0.2973443685
1.8858401013
0.1900578552
0.356437674
2.1228564474
0.5295072875
0.2199754682
0.393725992
0.2634323246
1.9207228514
0.4818066345
0.6236189819
1.4415469854
1.403213287
1.5988896628
0.3488458983
0.3320484752
1.3227620867
0.1658052993
0.0184405728
0.0022474147
0.8556796836
0.4959205275
0.3448077578
1.9165702254
1.1279099649
0.2968946114
0.0725753763
0.4505110215
5.4286144806
2.2910149826
2.0091206285
2.2570753537
0.9333839849
0.6570478961
0.1099949535
0.2535397021
0.4357914555
0.2685113073
0.1609873611
0.6691528821
1.0130671904
0.2241976639
0.628863368
0.7345085339
0.7931807633
0.0773705992
0.3066534725
0.4995127487
0.9587957313
0.2651794314
0.4036945082
0.7312261083
0.4598881711
0.9341067699
1.6085085779
2.0044852222
2.7274336129
1.9654089697
0.4448508105
1.043276116
0.0306494973
0.7990640703
0.6692468728
0.2555752103
2.8226448572
0.4369908933
1.7519236401
2.6387970205
2.2433696526
0.4872851214
1.2275256985
1.8320020346
1.3081539152
1.5198545923
0.0240520566
1.1564031069
1.187729605
3.1111693136
0.0234451139
3.360383016
1.9559817773
3.5166133088
0.9635860376
0.3405562234
0.5188205731
1.0475372667
0.2355654732
0.1410298124
0.4566531615
2.6760022568
0.2492538379
0.3697164757
2.090538939
1.7358389501
0.24142134
0.5722525271
1.2888495365
1.6600051924
0.7319536958
1.1752552132
2.4074032826
0.3773322591
0.1559496013
0.0749415868
0.8032865955
0.5745318703
0.6114723391
0.0651000005
0.6700157561
0.3863894109
2.3516363794
1.1283643206
3.9945297904
0.3040905196
1.2401952376
0.0491915065
0.3688675365
0.1662121904
0.5990164504
2.5392546008
1.0743960131
0.5992127528
0.2816687168
1.0846517516
0.5251956052
0.3688117477
0.2850474475
1.7232394325
1.147658133
6.3784918319
0.5852549578
0.8687005135
1.0339558362
0.3465033579
2.3519738798
0.4367161258
1.5091581548
0.5685418288
1.3893966663
2.2744671107
0.8737679943
0.8943429144
0.0789206737
2.8707271547
0.0328130059
0.5422525818
0.0025515918
2.0973808904
0.9600517333
0.3141814031
0.6067788018
1.0892930169
1.8018133309
0.793514418
1.3986212017
0.2782028928
1.4500956907
3.1306834021
0.0058136277
0.5830079868
0.3618005826
3.0840117192
0.5543509406
0.0479432381
1.8014966664
0.492466848
0.1443218978
0.6434520085
0.1108386015
3.5522360802
0.3701292616
1.7874741474
1.2130315252
2.8278865379
1.7063126703
0.3507841521
0.2453712575
2.1579860671
0.3889716742
0.2872049098
0.1907591344
0.6881122533
0.4385976999
1.6083374907
2.612041598
0.9802052329
2.1562387199
1.2736377528
0.0389955249
0.5157242022
2.123463106
0.4945624756
0.4851652429
0.3069047352
0.2098290706
0.4377833003
0.6354979355
1.7891645013
0.6024713005
0.000623299
1.3875780994
0.9924215067
0.75331035
0.0287420242
0.2051089441
3.1586163814
2.0964904566
2.0749297082
0.5403576905
0.0006704059
1.3613908293
0.258751256
0.1362927051
2.1607726092
1.4939515332
0.0243939242
3.381097339
0.8473292737
0.4150719229
1.8563160543
0.7825135634
0.8859510472
0.6330984501
0.5185684804
0.2725795199
0.6805230894
2.7461726563
0.7667097338
0.0871600011
0.1137674819
0.96144072
0.0236089002
0.1297374996
1.3046881418
1.5213203906
0.4580877373
2.6449024226
2.0729822884
1.6768406578
3.774129119
0.509204393
2.2170824902
0.0135783841
0.5347692041
0.6940130186
0.5997383806
3.8609049465
1.7916903031
0.3000297596
0.7381130009
0.0136998189
0.3715201856
1.2106723839
0.5203731958
1.3138402335
0.6212255942
0.125974112
0.4043861942
0.8318074595
1.8050506997
0.5305507815
0.15472721
0.9471397462
1.7903818696
0.4364422665
0.4814463744
0.402924287
0.1260556112
0.5809258868
0.4250773914
2.4255589816
1.2148293442
0.5822329436
0.3635796063
2.0722882403
0.9085140713
0.0047173609
3.1747055682
0.3324088705
1.1143998834
1.0895327031
1.5321686866
0.3718349841
0.1269692112
1.814691835
2.1813421101
0.2519312171
0.134891794
2.9280577596
2.7578698613
0.3761570142
0.2683704442
1.3241138493
1.6035657104
0.4203118116
0.1127536173
2.2479264379
0.5139486956
0.2032489437
0.2949381995
0.636102296
1.1156458166
1.4210863383
0.4828144982
0.8284747182
0.6859951007
0.2787806943
1.9074330425
0.8545681404
0.0122505125
0.4248648973
0.1258615734
1.7816910953
1.1003673494
0.9690873366
0.6585212713
0.238427114
1.2244259216
0.3634248316
1.7205111428
1.0259761207
0.2581893538
1.215619587
0.5985575838
0.0805977184
1.2017710566
0.2333521326
1.5403048822
2.0043483124
0.815632279
0.1285837629
0.3924194211
2.0974238656
0.0597205862
0.4182572869
3.551481315
2.2531922004
2.5055268907
0.6103126769
1.785129746
0.1648558197
0.7471140993
0.4938957552
0.2133275797
0.524658611
1.9188953182
0.4034494641
1.0194414036
2.8802457303
1.7339739613
0.3224490397
0.3940516399
0.7760820072
1.4732832341
0.1290858386
0.1677897922
0.6562413095
1.361054973
0.0002878968
1.2681000335
0.4717192324
0.1074643485
0.1325763785
0.1698970488
5.2303552837
0.5044672373
0.1431380251
2.8699675597
4.28971939
0.0894756768
0.3886950494
0.2609359209
1.7011956737
0.4485055808
0.1632643934
2.1344794344
1.2465834874
0.6601770085
0.0802764346
1.0294555798
2.5325368185
0.8267726263
0.0126707656
5.2227423168
1.1530863018
0.3640322982
0.3639000558
0.0932735481
0.7869951388
0.0901457896
0.5465745807
1.8402485218
0.6703788233
0.2688892717
0.8270042396
0.1889984304
1.007286366
1.311767967
0.4107696858
0.5793311385
0.1191994377
0.6965332561
0.1034952449
1.7329900083
1.1968571977
0.856654224
2.42335742
2.0228413132
0.3802648644
0.0223830212
0.2798262473
0.8205534143
0.5970004029
0.7600276947
0.3952656129
0.0054173422
0.0070908678
0.443942799
0.0014536656
1.6594453941
0.6481004718
0.6885442759
0.0906377698
2.5794464666
0.3216404373
1.6689104867
0.3918221007
2.0545626733
1.3395587682
0.8569307813
1.6494143117
0.3176168322
0.1142038313
0.2957735919
1.4943649533
0.6776294809
0.5094940072
3.8550548379
0.3191538977
2.2018540546
0.5955286818
0.4706693515
0.6265213115
1.9634985215
4.8373462409
2.0777838253
0.2025859998
0.0076724805
0.0128874005
0.2893312242
0.8545059915
0.32904725
0.5546266138
1.6324864258
0.4243677755
0.4146089561
0.8265662775
3.2995662894
0.113185239
2.1035898395
0.7138589567
0.5730491108
1.3759478327
0.1806769646
1.1422523133
1.1796714599
1.6608087828
0.3111929007
1.8877018041
0.0123426678
0.6703175471
0.8979811622
0.4439764917
0.0938531538
0.9935408202
1.5337877361
0.1248883664
0.827779502
0.0174332318
0.0910628881
0.1509635848
0.4822548192
0.5239242672
0.944410483
0.2218644992
2.7385598431
0.1377192667
0.7133210916
2.2180058839
1.3507176494
0.9372130183
1.601968688
1.6286437581
0.0086516655
0.2389159308
0.2813935449
0.8056119222
0.5357980199
0.2897096211
0.2461441677
2.4832440668
0.0396084395
0.7683651318
1.0467983714
0.9824066002
0.8739044229
0.6951188509
2.4364754427
0.0867485535
1.1180003604
0.4199649844
0.0045767947
6.3566375304
0.3786486026
0.9704957769
1.3315881901
0.5067065896
1.5302834167
4.2439435441
0.0986320775
0.7304183691
0.5042533069
0.6679954713
0.1704686314
4.1353959066
0.6082562666
0.4588183456
0.4723528164
0.0955797589
4.7491054508
0.2878313298
1.4109025483
1.9921204025
0.4872599927
0.0022073665
3.2817742071
0.3615020225
0.4041400273
1.3676564375
0.2181457374
0.1643977107
0.3990394403
0.4838682684
0.4008457205
0.7330304458
0.8577694825
0.515983866
0.6674275314
0.6494484363
0.962159841
1.851527046
0.4534044984
0.4311176279
3.2083370198
0.4286496846
1.4083227361
0.6273571268
0.1554354861
0.1520514766
0.5454746408
2.933325216
0.0035998984
0.1162382729
0.0891571845
0.8332226173
0.00066059
1.5092162896
0.2681000974
0.8495879818
0.1184558351
1.674247735
4.1470688326
1.66746702
0.1123025009
0.998591763
0.8563241745
0.6720815034
0.1361707759
1.6815204043
1.115084186
0.9131517366
1.7676661852
0.6444033966
0.0395171541
0.578461854
0.8760913564
1.0793177701
0.373614833
2.2072400315
0.6520571812
0.1247323012
0.2854358203
1.3201898047
0.2699330631
0.6386314566
0.7735999922
1.3422892484
0.4089260137
0.0400273047
1.8577799087
0.5287195138
0.2186178966
0.2438162681
1.6107332367
0.0520964356
0.1219776327
1.3501393355
0.7094480219
3.4890291685
0.535486583
0.360947851
0.052839642
4.1486115495
0.8092208484
2.4100440788
2.7456761232
1.5573297957
1.9603050584
0.3086344195
2.2614417849
0.8302899651
0.019082028
0.030667346
1.4666692087
0.5055564528
0.2039931036
1.1735041553
1.156078975
0.0638666209
2.1621388489
1.9572098062
0.8387597506
0.3674684991
0.9885483613
1.121577576
1.881182871
0.1116613428
0.6293793446
0.9878173502
3.3024769167
1.9221298442
0.1620274929
0.8615467982
0.2392542591
0.0013478536
0.1694249721
0.5959627851
1.5817960088
0.5293411853
3.0879949124
0.0817917
1.8047037112
1.0175755745
1.0262897352
1.0126210406
0.1100261287
0.3917210317
3.198035124
0.8807126544
1.3325220909
1.3816496667
0.6181224245
0.7816785723
0.7734750227
1.3197739507
0.2634845702
1.3204911896
1.5598304182
0.261958553
0.1770568387
4.3570152694
0.4144685415
0.5521355468
1.1282268525
1.0275690911
2.61056926
0.7411989332
0.0113938342
3.6447395035
0.4505194085
0.7216989891
0.7624689619
0.1986384763
0.1451930921
0.8289130161
2.8196045928
1.961393015
0.5013518451
2.2179105115
1.3522669105
0.4490240506
0.5898144728
2.1008247381
0.0725720318
0.3163500694
0.6290923618
0.0275520474
0.0546142296
0.1912291102
3.1245163977
2.764293571
0.3175854541
1.3593704671
0.0443133839
0.0511223183
1.2210039217
0.7854001006
0.2602234202
1.0678410269
1.6214678087
0.4155602489
0.0294278938
0.2322409654
2.6199381062
2.966661568
1.5021969254
1.7032640986
3.4760793966
2.0652791477
1.0545916443
0.8162381173
0.430224288
0.0785824133
0.6385708128
1.0591913424
0.0264685214
0.1962363909
2.1526678973
0.4907610529
2.0419918024
0.2632831459
0.7120958129
2.0163823641
2.5364428573
0.410951808
0.8334770879
1.0184304474
0.174836023
0.8082241655
1.0789467382
0.7016740931
0.0210849945
0.2795674381
2.9163643934
1.3944137968
0.4876629994
0.4910281066
0.60454699
1.0869467086
1.4004729682
0.583771952
0.8156083129
0.4322802858
1.0375936264
0.9960188705
0.7809552026
0.2831103713
0.31153191
0.9218928232
3.4336383374
0.3139506488
0.4067581667
2.3371440074
0.1189540952
0.4845290513
3.597818933
1.6798732369
1.3846831046
1.1176478654
0.104727551
1.453274971
0.2622654643
0.0205806113
0.8969615303
0.4685459328
0.359747818
0.6315622284
1.0940962928
0.6908954565
0.1124371688
0.6678564825
0.5793103613
0.5640831051
0.2864592102
0.2469440362
0.1554522227
0.5543953572
0.1817079
0.3121214519
1.0182929782
0.7196334444
1.0621791059
1.0566680804
4.758586029
0.6559740098
0.2076956384
0.196058758
0.218842623
0.4424838991
2.1800524991
0.8642720145
0.0576387942
0.1607663464
0.5567049105
0.1457205623
0.4125402168
1.0815838762
3.992570051
0.955497075
0.943435567
5.2340294093
0.9634474696
0.3011005397
0.0733620203
0.0038676394
1.8369447578
0.1618852964
1.8554805025
0.3153588203
0.0009248537
1.4346028707
0.6348955854
2.84080952
1.1359895966
0.693552921
0.3055254611
0.5190840397
0.559724408
0.8143828948
0.3089715166
0.0413949245
1.7899205191
0.2912235871
0.2807762425
