1.2836
-1.8109
-1.6133
1.0635
-1.6045
-0.4094
1.2229
-0.1884
-0.8611
-0.9805
-0.2314
-1.3068
-0.297
0.1023
-0.4504
-0.5046
-0.8785
-0.6402
1.1824
1.1761
0.9856
-0.0729
1.4392
-0.6763
0.0823
0.7681
-2.1782
-0.0049
0.7673
-0.3577
0.7149
0.1928
1.4317
-1.6117
0.9471
-1.048
-0.5838
2.1623
-1.3864
2.083
0.1879
-0.6769
0.2671
-0.5202
0.9182
-0.0482
-0.0166
-1.0549
0.1345
0.3403
0.7636
-0.9727
0.417
0.5607
0.9367
0.797
-0.6764
0.031
-0.5641
0.0675
0.5852
-1.0737
-0.7432
0.7144
0.67
-1.0431
-0.3086
0.7959
-0.8156
0.9641
1.2435
-0.9
-0.0765
2.6785
-0.2769
-0.0508
0.1146
0.0989
0.4834
0.0033
0.3467
1.5086
0.1993
2.1853
0.3137
-0.9926
-0.5379
-0.2214
-1.0913
0.0622
0.812
-0.1535
-1.3401
-1.8196
-0.4897
0.0475
-0.8347
0.2583
1.0312
-0.0966
0.319
0.654
-0.1482
0.4987
0.361
-1.573
-1.4293
1.1682
1.1401
1.0779
-1.2872
-0.985
-1.1082
-2.1404
0.1206
0.2662
1.1894
0.6663
-0.3212
-0.4965
0.461
-1.4415
0.9397
2.3387
0.2055
0.3592
0.8132
1.6343
-0.631
0.0506
-0.8999
-0.3709
0.1212
0.1288
-1.0056
-0.9415
-0.5431
0.1597
-0.53
-0.6375
0.0476
0.1434
0.172
-0.6225
-2.1482
0.6876
0.6298
0.0265
-0.7039
0.0836
-1.3542
0.5118
0.824
-0.2587
0.3687
0.657
1.0943
-0.2561
-0.526
-0.0891
-0.0989
1.8173
-0.2237
-1.0483
0.2948
-0.0422
0.9863
-0.5775
0.6047
-0.2163
1.044
-1.3872
-0.292
-0.2682
0.4522
0.1049
-0.3813
1.1917
1.084
-0.5364
-0.0707
-0.2029
1.0158
1.7359
-1.0924
-0.4821
0.2488
1.0185
0.2621
1.0372
0.1632
-1.5868
0.1855
-0.4375
0.7816
1.8687
1.5334
-1.2605
0.1252
-0.0256
0.9427
0.6442
0.0237
-0.1787
1.5037
2.0991
1.1507
-0.2565
-1.3517
0.9033
0.2986
-1.2085
-0.4702
-2.7193
-0.1639
-0.7936
-0.2148
0.935
-1.3536
-1.3063
0.675
-0.8587
-0.6663
-2.0065
0.4191
1.0277
-2.0209
-2.0724
-0.0537
-0.9096
-1.0532
-1.5574
0.6782
1.6467
-1.2539
-0.4258
-0.6955
-4.1774
0.7736
-0.957
1.6209
-0.6196
0.0417
-0.9464
0.5983
0.6648
-1.1168
0.5548
0.7704
0.4287
1.066
-0.8233
-0.2435
-1.0397
-0.4301
-0.0289
0.3503
0.173
-0.7815
0.4678
-0.35
0.1819
0.3795
-1.0122
-1.2559
1.0923
-1.4738
-0.4889
-0.8137
-1.8419
-0.2082
1.2897
0.0498
-0.1419
1.8511
-1.14
0.4719
-1.233
-1.0519
-0.4619
-0.3988
-1.1285
-1.0719
-1.5689
-2.3203
2.3603
0.3102
0.6537
1.4114
0.911
-0.2912
0.3069
-0.6821
1.3284
0.9028
-0.495
-1.4259
2.141
1.0126
0.1749
0.2313
-0.9018
0.0305
-1.4075
-0.5928
-0.0315
-1.738
-1.5753
1.169
-0.908
0.6914
-0.9327
1.6796
2.3956
-0.2528
-1.4089
1.5972
-1.1747
0.3915
1.3663
-0.701
-0.0541
-1.0196
-0.0239
-1.4607
-0.3451
-0.8764
-0.9889
-0.8548
1.3045
1.2477
1.0171
0.3547
-0.3123
-1.0895
-0.0345
-0.402
-0.2775
-1.0632
2.0501
-1.5146
0.8835
1.2271
0.5308
-1.4026
0.4556
0.2793
-0.3867
1.0094
-1.513
1.3944
0.2466
0.4972
2.2291
0.8719
-0.5644
0.0277
0.154
-1.0376
0.8261
-0.7361
-0.5748
0.102
1.3465
-0.4932
0.2853
1.5239
0.4938
2.321
-0.6072
-1.341
0.581
-0.2756
-0.5037
0.519
-1.0107
-0.043
-0.4767
2.2694
-1.1021
0.3552
-0.0087
-0.8933
-1.5239
1.5514
0.0638
-0.003
0.3914
0.1537
2.3461
0.4115
1.0771
-1.6326
0.1877
-0.9133
0.1846
0.379
0.32
-0.1038
0.5804
1.0521
0.9142
2.7744
-0.4681
1.7074
1.1698
-0.7314
-1.6153
0.8023
-0.7569
-1.8659
-0.87
-0.9895
0.89
1.8004
0.3316
-0.2574
0.5627
0.7133
-0.9856
-1.1411
-0.9567
0.064
-0.1415
0.5835
1.3285
-2.6337
-1.1735
-0.3876
-0.45
-1.0179
0.6829
0.1022
-1.5207
-1.5169
-0.1971
0.2215
1.1639
0.2208
0.5567
1.4475
1.0309
-0.2247
0.2034
-0.5368
1.0609
-0.6345
-0.0975
0.7593
-0.1571
-0.5034
-0.5974
-0.1617
0.6461
1.1919
-1.0605
-0.7174
0.8075
-2.8161
-0.5601
0.1021
-1.4058
1.0528
2.8245
-0.9251
0.4373
0.6287
1.154
0.8897
0.0229
0.0883
0.1337
-1.2435
2.0644
-1.7533
0.3892
0.5509
1.4515
-0.5384
-1.298
0.2778
-0.1983
-0.0757
-0.8709
-1.3737
-0.3429
-0.8899
0.5026
0.2223
0.8684
0.9089
-0.351
-0.1192
-0.7902
-0.8906
-2.2608
-2.0874
0.2205
1.2528
-1.5899
1.6464
0.335
0.5978
1.3474
-0.2175
-0.095
-0.6994
-1.3857
0.8878
-1.8761
-0.2879
0.6803
-0.7336
0.0683
-1.4055
0.915
1.4259
0.1013
-2.2261
0.6449
-0.7489
1.5737
-0.5144
1.4073
0.6086
1.6188
0.5696
1.77
-2.2639
-0.0038
-2.3414
0.6068
0.2526
-1.1044
-2.168
0.0732
-1.3575
0.6872
2.8906
0.0677
1.3001
0.3778
0.5233
0.2378
0.5982
0.5602
1.3298
0.7379
-0.6802
0.1873
-0.2867
0.6111
0.8785
1.4974
-1.6383
-0.9127
1.2438
0.1018
-0.8996
0.8253
1.7022
0.2344
1.7551
-0.6996
-0.4526
-0.2042
-1.5481
-0.1911
-0.8142
2.6611
-0.5484
-0.4586
0.1513
-1.7278
-1.286
0.8795
0.9781
-0.0715
-0.1573
-0.6105
0.1821
1.821
1.8464
0.2139
-0.1436
-1.6556
-0.1889
0.2265
-1.0775
0.5955
0.5946
-0.1123
-1.3784
-0.8021
-1.0194
0.1709
0.305
-0.0603
0.1588
-0.1986
0.4268
0.5101
0.9663
1.6801
-0.6031
-0.4677
0.233
1.2537
-0.6491
0.3225
-1.4313
0.0411
-2.4234
-0.0758
1.5016
-2.5077
1.8844
-0.4748
2.0286
0.3942
0.8016
1.3512
1.7528
-1.6396
-0.0764
-1.3066
0.0386
0.8792
-1.7521
1.1138
1.7088
-1.3236
2.0644
-1.4513
1.0532
-1.3108
-0.2931
-1.5413
0.0795
-0.211
0.9646
-0.2264
1.4775
-0.7755
0.4747
-0.4694
-0.5519
-0.2937
-0.1066
-0.1015
0.3811
2.662
0.2937
0.2229
-0.1123
-0.3157
-1.0793
0.0864
0.0101
-2.6037
-1.5303
-1.0302
1.3536
-0.7876
0.9769
-1.602
-0.7283
0.5529
-1.29
0.322
-0.2126
-0.0162
1.089
-2.0532
-0.7197
-1.238
0.9119
0.1791
0.7011
0.0883
0.4759
0.1986
-0.2297
1.3444
1.2763
0.4478
0.3907
0.4309
-1.2576
-0.0807
-0.149
0.3313
-0.5617
-1.8004
0.0769
1.5929
-0.6614
0.9175
-0.5532
-1.2252
0.0546
-1.0088
0.7786
-1.0109
-0.7087
-1.13
-0.0843
-1.4253
0.9009
-0.7173
1.56
0.933
-0.359
-0.0231
-1.4549
0.3932
0.7162
-1.0521
0.3353
0.1157
0.5056
1.2635
-0.3647
2.1202
0.4376
0.0123
-0.5932
-0.3856
-0.2346
0.4582
-0.4037
0.2164
0.7282
0.4368
0.9192
0.7203
-0.3978
0.013
-0.2712
-0.1003
-0.8596
-0.608
-0.1111
-1.3101
0.1531
-0.0332
0.8046
-0.7925
-0.9619
1.2148
-0.4202
0.9298
-0.1559
-0.1138
-2.0392
0.8316
-0.1955
-0.3805
-2.5709
0.7105
-0.9566
3.6377
0.6106
-1.2368
-1.1783
-0.6522
1.2835
1.7861
-0.1681
-0.2215
1.4146
-0.4178
-1.0636
0.4404
-0.5128
0.4602
-0.2262
-1.1584
1.2863
0.9118
1.9422
1.3104
-1.203
-1.0273
-0.609
0.1964
0.149
-1.7643
0.8492
0.1652
-2.083
-2.3791
1.2093
0.1747
2.4915
-0.3797
-0.3162
-1.5067
2.4741
0.4172
0.6855
0.428
1.4328
0.8809
0.8728
-1.5635
-1.2397
0.3241
1.0196
1.9465
-0.6742
1.1765
-0.4878
1.7895
-0.7251
0.8415
1.373
1.0725
-0.4731
-0.4049
0.1074
0.1505
-0.5622
0.6292
0.2174
1.8256
1.0794
-0.7908
-1.2998
0.0905
0.9739
0.6216
1.125
-0.0615
0.963
-0.2983
1.399
1.091
-0.7461
1.3722
0.5109
-0.1069
-0.0041
-1.4342
-0.2151
-0.6079
-0.4641
-1.0362
-1.3257
0.1244
0.7883
-0.9819
0.4735
-1.2188
-0.664
0.7547
0.9338
0.5896
-0.8902
-0.2972
0.3554
0.0538
-0.8994
0.0265
-0.228
0.6298
0.6648
0.1359
-0.9799
-0.671
0.9095
0.1522
0.6642
-1.092
-1.0687
-0.2251
1.9302
0.3646
0.2523
-0.6152
0.5489
-2.5426
-0.9326
0.418
0.3649
-1.7837
0.1293
-0.0488
-0.0038
-1.2898
-0.5725
2.1601
-1.4947
-0.9582
2.1442
-0.1895
-1.5556
-1.5407
1.5353
0.1679
-0.4789
-1.2527
0.4236
-0.1217
1.6479
0.9586
-1.0846
1.0968
1.9887
2.152
0.9941
0.0296
-0.0237
-0.2531
-1.4266
-2.1687
-0.6521
0.3038
0.2453
1.8281
0.0113
0.1561
-0.8662
-0.9149
-0.815
-0.2683
0.4169
-1.3217
0.3377
1.779
0.014
-1.7132
-0.6315
-0.4914
-1.2402
0.8184
-1.6428
-0.4242
0.1038
2.3325
0.6299
0.3577
-0.2717
-1.8995
0.7943
-1.9497
-0.9041
-1.1145
-0.4835
2.5314
2.1826
0.2253
-0.4434
0.677
-0.6287
-0.6124
1.0137
-0.897
0.7273
-0.4476
0.1923
0.5849
-0.3231
1.1999
0.8179
-0.3051
0.0422
0.4011
-1.6444
-0.1064
-0.2943
1.6909
-0.334
-0.5546
1.1988
0.5079
1.0609
0.3627
1.5797
0.7622
-2.2622
-2.428
-1.1754
-0.1603
-1.1373
0.6867
-0.9261
1.2359
-0.3447
-1.2518
1.3819
-0.9425
1.2132
-0.0574
0.7805
-1.2612
-0.4608
-1.2345
-1.2833
-0.443
