240.18
255.65
622.94
176.89
506.39
927.39
925.77
416.7
718.95
479.8
675.52
843.58
65.3
363.42
132.07
806.41
280.17
954.84
620.21
902.58
37.98
802.15
229.42
758.35
413.48
183.41
798.12
309.0
393.08
1.55
96.27
926.05
740.14
379.7
413.28
169.66
694.12
176.54
695.41
32.12
978.98
50.0
551.74
740.63
231.79
249.09
210.33
534.89
352.56
339.77
670.67
879.33
525.86
93.48
870.25
395.88
875.46
45.0
370.59
171.71
343.88
626.39
23.26
850.68
852.89
232.23
651.82
823.44
969.83
925.58
340.01
506.84
445.49
391.85
781.58
672.05
378.68
359.05
441.65
314.99
653.55
45.64
457.42
519.15
472.02
683.92
7.85
831.01
862.81
375.13
493.65
786.2
975.46
178.67
162.45
909.24
58.45
447.03
678.53
255.75
304.9
859.75
947.51
350.53
831.53
809.17
256.42
207.36
759.09
185.66
458.82
77.44
933.59
229.86
929.81
740.69
645.51
567.6
878.1
251.14
477.23
480.08
821.31
499.72
220.45
167.48
649.73
133.88
305.67
168.48
69.29
770.17
774.52
21.5
613.97
576.4
316.57
692.76
926.06
728.86
982.79
13.39
464.45
106.88
824.83
489.24
133.67
108.04
307.18
122.62
706.17
361.44
143.4
37.64
454.01
489.9
478.18
843.66
279.17
456.35
48.27
64.14
575.14
555.6
149.42
303.98
880.28
784.83
712.89
216.48
846.46
853.26
496.14
38.1
713.82
429.33
933.65
848.52
984.6
716.8
621.87
244.13
787.47
82.63
232.43
561.31
132.28
572.31
735.32
250.26
497.37
359.15
469.01
836.39
705.7
217.13
991.88
360.59
926.06
916.46
455.99
929.58
842.7
158.46
943.58
792.26
35.73
765.77
664.56
193.41
597.63
441.49
843.79
108.23
671.79
586.97
251.51
616.79
287.07
81.58
651.41
683.7
712.27
107.01
160.23
166.06
474.36
422.8
265.19
659.47
251.56
788.16
64.43
824.99
956.88
417.4
876.73
635.48
336.73
182.81
656.18
980.54
850.02
96.96
568.17
491.38
528.8
63.72
610.6
183.77
833.48
12.33
542.59
154.5
84.56
69.93
978.23
517.34
244.2
824.51
397.83
20.18
280.46
551.18
715.11
196.28
389.34
309.28
396.07
592.01
790.57
630.36
747.46
476.09
999.02
323.25
11.85
413.79
783.88
905.19
62.97
858.97
942.4
726.82
865.15
207.34
413.88
799.37
484.94
593.61
475.17
80.33
198.63
785.73
270.01
570.39
274.52
892.66
808.74
777.84
16.01
375.24
706.41
59.04
778.15
388.53
883.16
254.15
983.15
797.1
335.43
736.73
995.27
966.93
529.96
127.38
369.41
35.53
267.92
69.7
83.28
476.79
313.17
897.81
575.01
606.19
680.32
1.33
673.3
992.24
510.14
5.79
307.35
865.94
965.0
949.34
524.35
990.15
447.97
276.41
505.05
712.26
840.86
930.67
689.43
207.47
260.23
338.1
242.57
953.73
241.6
341.71
693.08
607.22
267.59
693.98
196.99
106.15
577.77
905.64
943.48
228.01
702.4
158.09
190.29
8.25
774.3
374.02
65.69
454.68
95.83
137.07
149.67
66.59
572.3
395.21
919.67
344.57
73.45
309.68
651.33
834.8
253.64
457.37
290.88
53.81
709.86
372.68
186.17
354.62
378.17
137.22
442.59
51.82
339.92
821.68
36.22
937.4
309.23
632.98
347.19
665.38
538.94
369.58
598.48
541.09
272.16
967.22
382.05
755.5
224.64
899.7
136.86
657.67
116.09
279.14
562.53
538.19
18.94
565.44
963.94
894.67
670.9
999.46
47.74
523.09
245.02
207.51
938.14
166.27
323.74
116.69
493.74
933.47
14.14
836.49
855.01
213.51
868.1
215.08
255.44
634.65
53.03
949.93
10.13
768.93
534.12
928.71
653.22
33.17
615.21
153.29
838.75
891.51
505.57
667.81
214.21
693.13
269.13
89.34
652.18
284.52
852.16
513.45
968.82
877.75
704.78
581.85
544.93
991.9
87.38
837.55
313.35
65.67
811.07
970.78
522.09
955.55
16.24
409.67
275.65
442.19
985.4
720.35
155.86
612.91
684.02
93.57
676.83
736.39
810.79
150.4
447.97
421.91
983.2
116.86
258.92
435.67
981.47
174.62
616.0
327.55
768.62
57.83
157.23
664.21
870.57
51.28
878.64
254.05
240.42
909.94
846.74
791.48
858.28
663.01
147.51
280.28
367.21
766.83
577.65
742.69
967.87
666.24
407.03
726.75
176.93
123.22
571.88
941.94
378.77
790.05
55.21
402.45
980.86
281.29
673.81
123.59
804.88
710.33
819.38
986.65
11.65
454.81
432.0
384.86
619.7
90.5
219.14
233.78
891.31
983.07
557.07
677.64
360.05
594.99
635.72
174.33
337.78
230.29
807.53
964.71
463.96
584.01
156.75
522.99
834.17
653.86
184.63
386.3
216.42
909.04
228.43
937.92
624.64
932.61
551.16
33.57
755.32
890.32
110.52
362.31
832.24
98.03
670.61
928.09
709.53
77.5
514.13
797.42
359.05
636.29
469.85
275.37
570.69
102.1
3.38
676.29
866.16
8.49
97.77
885.28
960.66
334.23
568.81
325.59
262.56
144.91
811.44
852.19
619.45
37.14
913.21
327.23
633.45
308.7
516.84
70.42
896.65
712.82
694.47
175.43
433.24
496.96
691.37
659.78
712.28
557.56
922.31
681.14
979.64
185.51
610.23
784.82
43.61
578.3
151.58
571.81
452.89
716.48
549.63
447.92
83.79
113.91
853.85
983.21
477.5
615.14
530.74
52.34
360.92
392.07
588.85
810.86
242.12
761.88
880.75
103.24
587.06
148.05
416.6
154.73
739.66
728.92
546.58
306.66
107.8
127.03
277.87
883.87
548.61
629.55
667.73
333.99
623.6
383.18
834.34
521.38
313.57
154.08
566.21
125.37
186.46
895.21
840.1
530.66
877.16
960.74
128.86
856.26
237.69
918.82
296.78
92.98
577.82
279.22
698.61
501.71
136.71
909.86
566.74
697.82
365.91
568.24
420.22
985.99
457.73
704.23
852.2
663.15
356.51
448.93
736.17
339.06
200.94
395.66
537.74
110.26
258.9
557.48
450.56
351.39
653.84
570.04
823.2
895.78
602.7
201.11
933.56
660.22
402.36
235.79
748.51
822.28
944.16
783.5
723.31
8.16
165.15
394.52
843.44
21.99
747.56
841.86
920.4
993.95
397.24
339.52
35.73
300.03
75.05
786.08
185.1
506.99
322.6
302.84
945.83
494.13
500.69
163.44
656.3
827.31
614.43
407.14
426.36
549.57
290.57
432.94
631.2
834.66
219.15
109.21
386.27
164.3
821.17
420.16
665.05
765.35
944.59
112.76
778.83
404.35
965.32
659.43
418.68
49.74
109.31
155.18
651.72
576.44
33.99
509.28
324.4
763.49
34.65
869.26
712.01
784.67
299.27
627.36
166.99
533.95
562.59
180.79
297.18
293.05
916.06
852.85
16.18
758.98
852.67
334.59
176.67
914.46
344.3
28.84
350.13
485.79
943.31
681.75
816.8
478.44
699.08
228.61
292.18
467.04
366.9
331.25
131.22
667.79
844.22
292.81
580.45
341.01
536.83
405.14
906.7
63.0
355.36
664.64
246.1
469.79
920.9
431.41
502.24
217.07
330.9
328.89
265.35
836.82
901.28
443.6
458.51
15.33
456.61
913.6
698.98
701.67
403.16
85.23
900.77
245.4
392.62
182.4
121.51
972.62
892.11
246.66
209.09
117.61
342.26
511.58
107.94
247.6
872.84
444.69
479.9
627.44
401.46
303.97
579.03
221.41
982.57
535.41
36.97
542.79
436.06
251.85
616.13
362.76
766.59
92.26
490.07
693.86
812.2
747.15
67.55
812.26
706.63
125.38
895.73
35.32
544.99
593.89
623.98
697.23
548.1
450.67
241.54
401.67
358.93
820.92
815.52
995.64
547.97
781.68
850.76
244.12
967.38
652.15
458.11
786.56
961.1
186.8
569.49
827.77
33.92
969.86
689.8
464.52
715.08
777.16
775.91
708.91
864.85
89.92
204.01
251.47
176.77
890.04
304.37
686.38
397.61
210.23
28.16
619.06
958.99
406.97
149.27
310.28
787.53
209.96
427.05
51.59
256.63
823.92
358.29
874.08
558.01
692.59
294.06
92.8
254.5
271.47
372.19
594.51
25.58
603.5
159.11
49.83
555.7
157.17
738.56
295.82
327.15
903.91
693.14
775.93
4.07
646.54
100.0
529.48
78.46
779.16
398.91
413.74
297.35
338.36
329.55
823.94
22.18
268.79
66.81
660.91
211.36
857.32
39.79
926.59
154.04
436.03
